vector:[-1.3239299436302616, 0.000692284594443926, 0.6929166456901683]       anglez:       62.3734040194   anglexy:       152.373389053
vector:[-1.2010561327469018, -0.0062481119681958575, 0.8934578420295303]     anglez:       53.3550520709   anglexy:       216.645990114
vector:[1.3274822242400086, 0.009568603169952894, -0.6856334222364211]       anglez:       117.315366882   anglexy:       27.3182485389
vector:[1.3239427759443052, 0.00297105931222319, -0.6929882779256573]        anglez:       117.628745149   anglexy:       27.6290207738
