vector:[-1.3380797849963644, 0.00026932795891809747, 0.6633532177875452]     anglez:       63.6300802643   anglexy:       153.630077923
vector:[1.2812258249410438, 0.0066124397810432, -0.7715568217623598]         anglez:       121.056100018   anglexy:       31.0573671205
vector:[1.3244906112954862, 0.0025166563366827432, -0.6918814513601248]      anglez:       117.581421622   anglexy:       27.5816196186
