vector:[-1.3340666097280778, 0.00017689048565117105, 0.6712200703097508]     anglez:       63.2912784002   anglexy:       153.291277399
vector:[1.2911579162245999, 0.0035967548889974665, -0.7538908384490703]      anglez:        120.28002054   anglexy:       30.2804012755
