vector:[-0.024554249666135064, -1.485242722981182, -0.16491710406831928]     anglez:       96.3351465251   anglexy:       269.058648335
vector:[-0.19553345682752798, -1.4711545014002931, 0.1695638326393052]       anglez:        83.481976998   anglexy:       262.478321824
